jgt = [
    6 5 5 5;
    5 4 9 3;
    3 7 5 4;
    5 4 3 9;
    3 5 7 4
];

x = [0 10];
y = [1 9];
z = [2 8];

jgt(:,4) = jgt(:,4) * (y(2) - y(1))/(x(2) - x(1)) + (x(2) * y(1) - x(1) * y(2)) / (x(2) - x(1));
jgt(:,2) = jgt(:,2) * (z(2) - z(1))/(x(2) - x(1)) + (x(2) * z(1) - x(1) * z(2)) / (x(2) - x(1));
jgt(:,3) = jgt(:,3) * (z(2) - z(1))/(x(2) - x(1)) + (x(2) * z(1) - x(1) * z(2)) / (x(2) - x(1));

C = [
    -1 9 9 8 9;
    2 -1 6 8 6;
    4 5 -1 4 9;
    3 9 7 -1 7;
    4 5 9 4 -1
];

D = [
    -1 1.6 3 1.2 3;
    2.4 -1 2.4 4.8 2;
    1.2 1.8 -1 1.8 1.2;
    3.2 4.8 4 -1 4;
    1.2 0.8 1.2 2.4 -1
];
